Results on OGG/FLAC peeling.

FLAC alone: 49311172

quality		ogg size	flac size	total size
10		32067688	23827977	55895665
9		21271904	31037234	52309138
8		16335687	34764893	51100580
7		14324034	36471306	50795340
6 		13165257	37463592	50628849
5               11177883        39800952        50978835
4		9004668		41979986	50984654
3		7855839		43422746	51278585
2		6371700		44602669	50974369
1		5112940		45794961	50907901
0		4005115		46522677	50527792

FLAC alone: 24324920

quality		ogg size	flac size	total size
8		9519643		16310936	25830579
7		8360254		17275909	25636163
6		7689595		17846456	25536051
5		6502387		19254301	25756688
4		5202403		20542965	25745368
3		4546907		21333803	25880710
